33.985638 -118.262585
33.974737 -118.256463
33.981389 -118.238056
33.982158 -118.256456
33.98778 -118.2427
33.980473 -118.262921
33.953315 -118.233578
33.96991 -118.26106
33.986086 -118.265216
34.018693 -118.262677
34.06717 -118.232011
34.045726 -118.240593
34.024686 -118.37221
34.03912 -118.24559
34.025919 -118.241123
34.034541 -118.240359
34.009966 -118.151537
34.01707 -118.149952
34.019457 -118.200905
34.018 -118.213
34.018713 -118.19662
34.00487 -118.12567
34.017331 -118.203002
34.0187 -118.204287
34.016581 -118.207749
34.000414 -118.184105
34.009444 -118.188056
34.0125 -118.21262
34.00353 -118.19161
34.001523 -118.184469
34.014193 -118.182805
34.0159 -118.205045
34.130567 -118.263333
34.093621 -118.237574
34.066375 -118.222475
34.072477 -118.173966
34.059411 -118.216006
34.091356 -118.338665
34.143064 -118.271742
34.144755 -118.2716
34.146664 -118.275053
34.133408 -118.266159
33.985568 -118.139614
34.006534 -118.148782
33.97948 -118.16488
33.978625 -118.146736
33.985535 -118.143408
33.986414 -118.138703
33.992813 -118.140203
33.981415 -118.165612
33.978861 -118.143528
33.992791 -118.140257
33.973416 -118.129503
34.008333 -118.155833
33.990545 -118.1767
33.941747 -118.374485
34.003347 -118.234795
34.009014 -118.21022
34.00322 -118.23101
34.010028 -118.229022
34.001614 -118.221306
34.003807 -118.2127
33.997792 -118.241463
33.994709 -118.208651
34.00897 -118.22557
33.997659 -118.230262
34.001614 -118.221306
34.018528 -118.24335
33.994033 -118.215406
33.989924 -118.239508
34.000114 -118.224099
33.911126 -118.282295
33.913215 -118.278759
33.908768 -118.282602
33.904587 -118.265172
34.05805 -118.23999
34.059708 -118.178385
34.061846 -118.181777
34.060859 -118.190767
34.034663 -118.446642
34.10949 -118.242535
33.968214 -118.170504
33.960918 -118.147252
33.95999 -118.14099
33.954524 -118.158996
33.883516 -118.218504
33.87416 -118.22916
33.87592 -118.2454
33.846492 -118.228366
33.888018 -118.216063
33.854828 -118.206231
33.861982 -118.214213
33.90996 -118.24103
33.91021 -118.22305
33.921813 -118.222242
33.920294 -118.221738
33.934144 -118.12988
33.93891 -118.1365
33.916754 -118.398505
33.902914 -118.396157
33.918113 -118.400409
33.902236 -118.385631
33.884694 -118.265089
33.914021 -118.296287
33.892479 -118.288454
33.900833 -118.276666
33.88746 -118.26872
33.901816 -118.285906
33.898133 -118.282934
33.9 -118.034166
33.885669 -118.273337
33.893564 -118.278543
33.853958 -118.280223
33.87222 -118.26944
33.86996 -118.2811
33.898562 -118.265333
33.884897 -118.272445
33.915355 -118.308857
33.907222 -118.307222
33.902793 -118.300907
33.916111 -118.326111
33.903904 -118.308963
33.90668 -118.312827
33.921115 -118.333908
33.897622 -118.361686
33.980431 -118.236095
33.993503 -118.226789
33.990317 -118.216131
33.995614 -118.225484
33.99301 -118.228
33.9909 -118.216177
33.982214 -118.205305
33.994853 -118.224923
33.926605 -118.223004
33.922435 -118.222806
33.93706 -118.226142
33.894458 -118.378686
33.95 -118.166666
33.958348 -118.209238
33.931251 -118.172539
33.927846 -118.169455
33.95491 -118.19244
33.95124 -118.16424
33.955 -118.17935
33.951284 -118.176661
33.94861 -118.17453
33.927428 -118.171423
33.925468 -118.169177
33.957793 -118.192571
33.959139 -118.375328
33.957952 -118.376611
34.02887 -118.470166
33.827516 -118.324393
33.843618 -118.316561
33.827563 -118.326156
33.844606 -118.318798
33.853169 -118.297751
33.852294 -118.296199
33.845678 -118.333007
33.848513 -118.350502
33.842355 -118.33081
33.847114 -118.331293
33.842957 -118.328807
33.814831 -118.339428
33.812082 -118.342359
33.82119 -118.301524
33.802117 -118.330306
33.85843 -118.32222
33.854967 -118.336907
33.969872 -118.061436
33.864811 -118.018233
33.866015 -118.023497
33.87316 -118.00645
33.831415 -118.051681
33.927013 -117.943039
33.928056 -117.941944
33.919167 -117.940277
33.933346 -117.942563
33.873528 -118.019972
33.883611 -118.025
33.87348 -118.01384
33.88573 -118.01793
33.886279 -118.024952
33.880414 -118.022797
33.980552 -118.125377
33.895833 -118.054166
33.895 -118.057777
33.982441 -118.110432
33.983913 -118.107608
33.905128 -118.039639
33.905015 -118.046592
33.916681 -118.050899
33.894167 -118.054444
33.963966 -118.079833
33.935379 -118.069851
33.967088 -118.057513
33.975013 -118.068957
33.889714 -118.040198
33.920728 -118.056444
33.962602 -118.065753
33.896389 -118.039722
33.899984 -118.039238
33.956577 -118.053072
33.895086 -118.040739
33.961795 -118.066642
33.88999 -118.041
33.945846 -118.059233
33.937965 -118.053496
33.916933 -118.059794
33.945629 -118.0543
33.953616 -118.058919
33.959961 -118.068496
33.955513 -118.0564
33.953931 -118.061899
33.807929 -117.985778
33.83995 -118.09109
33.879182 -118.046731
33.79997 -118.29107
33.829022 -118.160299
33.802956 -118.056288
33.808349 -118.067564
33.894829 -118.165029
33.897873 -118.168811
33.890076 -118.171827
33.899944 -118.150528
33.892384 -118.171881
33.890767 -118.165402
33.892857 -118.168246
33.892579 -118.16545
33.883072 -118.170347
33.905356 -118.168868
33.73833 -118.26722
33.79699 -118.23971
33.760407 -118.263848
33.756389 -118.265528
33.780833 -118.241111
33.82419 -118.237384
34.476225 -117.282829
33.8048 -118.2431
33.839215 -118.232166
33.806666 -118.229448
33.835269 -118.238159
33.84284 -118.253639
33.872523 -118.274718
33.843333 -118.232844
33.877573 -118.255765
33.782518 -118.258704
33.774469 -118.290696
33.839184 -118.227543
33.81631 -118.16769
33.843611 -118.216389
33.75399 -118.20726
33.874573 -118.163638
33.880974 -118.16306
33.864804 -118.202447
33.870385 -118.160075
33.79961 -118.155711
33.807425 -118.154208
33.80204 -118.151356
33.831727 -118.233423
33.839186 -118.230062
33.805316 -118.224561
33.788318 -118.210703
33.84166 -118.21666
33.839217 -118.234151
33.779216 -118.215429
33.777842 -118.210627
33.772678 -118.223101
34.135707 -117.956098
34.134142 -117.968791
34.133681 -117.966734
34.1343 -117.99177
34.141307 -118.00606
34.133946 -117.994741
34.178631 -118.159714
34.143313 -118.033155
34.147156 -118.095402
34.16946 -118.294838
34.146711 -118.269443
34.245419 -118.601779
34.240982 -118.57964
34.23486 -118.582138
34.232514 -118.577546
34.246452 -118.585157
34.2409 -118.58595
34.188094 -118.920544
34.188314 -118.926719
34.187562 -118.926533
34.233189 -118.564186
34.231654 -118.567628
34.276093 -118.427399
34.276179 -118.427223
34.254725 -118.400637
34.273492 -118.426578
34.27204 -118.46846
34.27709 -118.428897
34.297368 -118.413476
34.306441 -118.464011
34.303801 -118.457893
34.305307 -118.460012
34.411667 -118.539722
34.411665 -118.538874
34.228988 -118.385984
34.250993 -118.388559
34.240725 -118.391714
34.222633 -118.377738
34.201046 -118.373242
34.251792 -118.398138
34.432778 -118.582777
34.431771 -118.585148
34.431602 -118.56862
34.436028 -118.590028
34.44963 -118.62739
34.188278 -118.594336
34.213293 -118.452317
34.209329 -118.463116
34.215885 -118.475029
34.180051 -118.468521
34.172054 -118.315863
34.201322 -118.34233
34.181525 -118.321802
34.203891 -118.39212
34.196153 -118.38128
34.207917 -118.420967
34.204241 -118.424989
34.134907 -117.916285
34.11435 -117.93396
34.120529 -117.937695
34.14013 -117.9259
34.127862 -117.93381
34.113203 -117.925471
34.139593 -117.919883
34.129841 -117.92209
34.11151 -117.93412
34.092511 -117.984499
34.121529 -117.943163
34.128418 -117.929389
34.094167 -117.937777
34.000291 -117.671999
33.989444 -117.681111
33.96216 -117.68804
33.996774 -117.696299
34.004285 -117.683013
33.99997 -117.70015
34.009528 -117.69223
34.003978 -117.703468
33.847238 -117.511992
34.091366 -117.92416
34.092578 -117.881302
34.081115 -117.593586
34.094612 -117.56131
34.09556 -117.54984
34.099047 -117.600415
34.094608 -117.563478
34.093939 -117.573083
34.083599 -117.544035
34.09918 -117.56077
34.092819 -117.596169
34.085667 -118.054444
34.092764 -118.033977
34.085842 -118.034511
34.085833 -118.053611
34.068333 -118.068056
34.05385 -118.020211
34.061745 -118.015053
34.043898 -118.055623
34.055592 -118.059992
34.056076 -117.462509
34.050145 -118.034945
34.057146 -118.052761
34.081829 -118.043851
34.09909 -117.53524
33.997459 -117.89511
34.052222 -117.992777
34.016122 -117.957008
34.024722 -117.986388
34.02 -117.976944
34.012912 -117.953899
36.30389 -119.789169
34.016473 -117.975197
34.028759 -117.979636
34.027213 -117.972521
34.038215 -117.973576
34.057 -117.988
34.032911 -117.982676
33.999512 -117.89619
33.999924 -117.880142
34.004901 -117.90612
34.057817 -117.991399
33.99674 -117.911209
33.996833 -117.883773
34.102694 -117.78917
34.100509 -117.784792
34.03034 -117.52269
34.018611 -117.484444
34.017413 -117.520018
34.04408 -117.53347
34.06199 -117.538308
34.045833 -117.622222
34.062706 -117.546963
34.037656 -117.625264
34.6675 -117.55
34.0468 -117.52987
34.043086 -117.593309
34.03204 -117.59724
34.041157 -117.622089
34.061254 -117.565652
34.033889 -117.607777
34.083333 -117.6
34.032175 -117.616603
34.037912 -117.616507
34.063344 -117.652555
34.05699 -117.64311
34.03731 -117.82202
34.09648 -117.763762
34.061109 -117.793418
34.037789 -117.82256
34.084322 -118.057132
34.06086 -118.07255
34.088242 -117.637087
34.015 -117.855833
34.08992 -117.94101
34.08618 -118.146656
34.082191 -118.153933
34.086384 -118.147095
32.88527 -117.23889
32.663333 -117.105
32.665889 -117.088167
32.595056 -117.02947
33.134507 -117.274567
33.120105 -117.324258
33.118811 -117.283248
32.635868 -117.099546
32.593935 -117.016916
32.816944 -116.977222
32.804547 -116.979528
32.796419 -116.970904
32.813459 -116.95234
32.816916 -116.973141
33.125857 -117.100163
33.11898 -117.1053
33.124666 -117.110906
32.653943 -117.10253
33.213179 -117.354708
33.220294 -117.26532
33.118435 -117.22338
33.1453 -117.1486
33.147 -117.19
33.10749 -117.21385
32.845955 -116.963921
33.28704 -116.95836
33.1486 -117.2181
33.142005 -117.235295
32.727701 -117.175367
32.719439 -117.093764
32.786995 -117.116258
32.786979 -117.116173
32.81998 -117.151166
32.826149 -117.151589
32.692591 -117.139354
32.693114 -117.136979
32.693887 -117.141048
32.687866 -117.116632
32.696 -117.124
32.886198 -117.175034
32.899962 -117.193569
32.877868 -117.172108
32.891836 -117.199508
32.902283 -117.215502
32.826372 -117.126523
32.824396 -117.125672
32.809747 -117.143488
32.816988 -117.128162
32.88499 -117.14971
32.896162 -117.142789
33.012489 -117.086346
33.012712 -117.085892
32.899147 -117.110575
32.561342 -116.973244
33.921855 -116.862868
32.9098 -115.5668
33.66403 -116.1672
33.035978 -115.73713
32.966667 -114.641666
34.54166 -117.459215
34.557432 -117.404468
34.560826 -117.442549
34.60323 -117.58108
34.057757 -117.370171
34.051122 -117.32978
34.05033 -117.327794
34.033889 -117.508333
34.077447 -117.501088
34.093067 -117.500884
34.062578 -117.521269
34.09931 -117.471013
34.044083 -117.521861
34.049934 -117.520065
34.0946 -117.51326
34.101696 -117.469145
